Cluster quantity absolute values																		
	ctrl	NEK2	hCK1	XCK1	PLK1	Aurora A												
4 - 6	516.6390257	88449231.13	290.1942565	221.0416941	398.5433676	285.6970912												
59	516.6390257	7940982520	290.1942565	221.0416941	398.5433676	285.6970912												
87 - 92	314187644.9	3.60378E+11	78419378.8	94195223.98	836979799.5	147289347.5												
125 - 158	58101726005	15580035633	10337900106	78759651060	3558186245	63190997753												
192 - 230	3.2878E+11	1.84841E+12	55933737179	49191621534	3.48364E+11	3.63931E+11												
250 - 262	29387554069	82215174988	2274303788	2287338590	13862403384	15771372430												
269	516.6390257	413.3374694	290.1942565	221.0416941	332064056	285.6970912												
281 - 286	1035223303	2.98451E+11	42216132735	58188542462	3.42856E+11	6570635109												
295 - 298	72972963.08	91001813127	1356047825	970867403.4	1071376065	9893639037												
329	78842976.34	940683837.4	1718483235	29104588633	24136751740	285.6970912												
381 - 383	516.6390257	292491795.3	290.1942565	221.0416941	1614040532	285.6970912												
396 - 398	516.6390257	413.3374694	290.1942565	221.0416941	237121599	285.6970912												
403 - 407	4257969030	29562556960	1594628082	5103745334	13859843407	58520945417												
418 - 427	34558342061	1.74091E+11	1.83643E+11	1.43002E+11	1.97884E+11	6.41812E+11												
435	516.6390257	1476561178	3007829659	1085637626	4913518669	3987754953												
448	516.6390257	191707930.1	290.1942565	221.0416941	398.5433676	285.6970912												
480	516.6390257	29610629304	290.1942565	221.0416941	1395163903	88258491935												
496	516.6390257	2002928807	290.1942565	221.0416941	398.5433676	285.6970912												
509	516.6390257	413.3374694	290.1942565	221.0416941	251405180.6	285.6970912												
514 - 515	516.6390257	1373207987	290.1942565	221.0416941	463379556.7	285.6970912												
552	516.6390257	174268814	290.1942565	221.0416941	156802547.9	285.6970912												
568 - 592	516.6390257	42160912744	1.03602E+11	71844882266	52307212198	1.26918E+11												
625 - 630	516.6390257	7233771785	1578147115	18011765998	16303821529	17541179018												
638 - 652	2.17379E+11	4.3795E+12	6.144E+11	1.28476E+12	1.50381E+12	4.84725E+12												
709	516.6390257	413.3374694	18726475890	47323500257	398.5433676	33557810583												
715 - 717	17233424264	47939173934	10810170699	27614154945	18868157089	87975813.68												
720	2578062128	8419118155	496687454.8	17026344295	2177174234	5996308613												
																		
Cluster quantity normalized values to max from cluster																		
	ctrl	NEK2	hCK1	XCK1	PLK1	Aurora A												
4 - 6	5.84E-06	1	3.28E-06	2.50E-06	4.51E-06	3.23E-06												
59	6.51E-08	1	3.65E-08	2.78E-08	5.02E-08	3.60E-08												
87 - 92	0.000871828	1	0.000217603	0.000261379	0.002322505	0.000408708												
125 - 158	0.737709287	0.197817479	0.131258836	1	0.045177781	0.802327041												
192 - 230	0.177871549	1	0.030260431	0.026612913	0.188466812	0.196888348												
250 - 262	0.357446835	1	0.027662822	0.027821367	0.16861125	0.191830431												
269	1.56E-06	1.24E-06	8.74E-07	6.66E-07	1	8.60E-07												
281 - 286	0.003019414	0.870486631	0.123130922	0.169717319	1	0.019164436												
295 - 298	0.000801885	1	0.014901328	0.01066866	0.011773129	0.108719142												
329	0.002708953	0.032320809	0.059045096	1	0.829310871	9.82E-09												
381 - 383	3.20E-07	0.181217132	1.80E-07	1.37E-07	1	1.77E-07												
396 - 398	2.18E-06	1.74E-06	1.22E-06	9.32E-07	1	1.20E-06												
403 - 407	0.072759744	0.505161985	0.027248843	0.087212284	0.236835603	1												
418 - 427	0.053844994	0.271249193	0.286132141	0.222810367	0.308321561	1												
435	1.05E-07	0.300509935	0.612153909	0.22094912	1	0.81158844												
448	2.69E-06	1	1.51E-06	1.15E-06	2.08E-06	1.49E-06												
480	5.85E-09	0.335498927	3.29E-09	2.50E-09	0.015807702	1												
496	2.58E-07	1	1.45E-07	1.10E-07	1.99E-07	1.43E-07												
509	2.06E-06	1.64E-06	1.15E-06	8.79E-07	1	1.14E-06												
514 - 515	3.76E-07	1	2.11E-07	1.61E-07	0.337443098	2.08E-07												
552	2.96E-06	1	1.67E-06	1.27E-06	0.899774	1.64E-06												
568 - 592	4.07E-09	0.332191392	0.816292738	0.566075303	0.412135423	1												
625 - 630	2.87E-08	0.401613689	0.087617567	1	0.905176179	0.973873357												
638 - 652	0.04484579	0.903501204	0.126752086	0.2650481	0.310239933	1												
709	1.09E-08	8.73E-09	0.395711978	1	8.42E-09	0.709115142												
715 - 717	0.359485215	1	0.225497642	0.576024839	0.393585361	0.001835155												
720	0.151416069	0.494475973	0.029171703	1	0.127870916	0.352178278												
																		
																		
Standards normalized: 	KNS_Dvl2_Phos1_65min_01-02_psms.txt	KNS_Dvl2_Phos2_65min_01_psms.txt	KNS_Dvl2_Phos3_65min_01_psms.txt	KNS_Dvl2_Phos4_65min_01_psms.txt	KNS_Dvl2_Phos5_65min_01_psms.txt	KNS_Dvl2_Phos6_65min_01_psms.txt	KNS_Dvl2_Phos7_65min_01_psms.txt	KNS_Dvl2_Phos8_65min_01_psms.txt	KNS_Dvl2_Phos9_65min_01-01_psms.txt	KNS_Dvl2_Phos10_65min_01_psms.txt	KNS_Dvl2_Phos11_65min_01_psms.txt	KNS_Dvl2_Phos12_65min_01_psms.txt	KNS_Dvl2_Phos13_65min_01_psms.txt	KNS_Dvl2_Phos14_65min_01_psms.txt	KNS_Dvl2_Phos15_65min_01_psms.txt	KNS_Dvl2_Phos16_65min_01_psms.txt	KNS_Dvl2_Phos17_65min_01_psms.txt	KNS_Dvl2_Phos18_65min_01_psms.txt
784	0.001251257	0.093340964	0.081946427	0.098395683	0.001645782	0.110004404	0.002525646	0.116130038	0.000750926	0.002478526	0.12683919	0.001837262	0.094283369	0.126110967	0.001897662	0.1383194	0.000704234	0.001538263
795	0.038738941	0.042212369	0.035776311	0.042968351	0.050650757	0.047340784	0.073391496	0.057107247	0.059497783	0.075107778	0.059130008	0.066199457	0.045563206	0.054900599	0.051263715	0.06867172	0.062869052	0.068610424
787	0.033728194	0.048640207	0.036527767	0.047383256	0.051496915	0.04776415	0.06798964	0.058848176	0.058848176	0.093814276	0.039974861	0.080197303	0.055382037	0.058295879	0.054296488	0.04711663	0.054772606	0.06492344
789	0.038657704	0.047024662	0.036715627	0.045846218	0.063400332	0.051851573	0.058922241	0.0542556	0.064013123	0.075938985	0.055716872	0.076646052	0.039699449	0.05510408	0.054208462	0.060996304	0.058356588	0.062646127
801	0.0430275	0.0430275	0.035035555	0.053379271	0.060773394	0.044647914	0.063227613	0.059499088	0.064910956	0.071487005	0.052152162	0.065524511	0.042335284	0.056604367	0.055219936	0.051806054	0.06436033	0.072981562
Normalized average: 	0.031080719	0.054849141	0.045200337	0.057594556	0.045593436	0.060321765	0.053211327	0.06916803	0.049604193	0.063765314	0.066762618	0.058080917	0.055452669	0.070203178	0.043377253	0.073382022	0.048212562	0.054139963
																		
																		
Unmodified peptides statistics: 	ctrl	NEK2	hCK1	XCK1	PLK1	Aurora A												
IPVPAER	0.144584037	0.157437711	0.140968117	0.212653083	0.137061867	0.207295186												
AELAPPAPPLPPLPPER	0.172640362	0.086633061	0.187971493	0.232574309	0.158769338	0.161411438												
LPCFNGR	0.139788963	0.152115043	0.19469605	0.189840321	0.136240545	0.187319077												
NEPIQPIDPAAW	0.104538042	0.144520047	0.21256256	0.231344543	0.123263791	0.183771017												
Normalized average: 	0.140387851	0.135176466	0.184049555	0.216603064	0.138833885	0.184949179												
